13.9 12.8 27.8 26.7 18.3
23.9 22.2 24.4 32.2 31.1
27.2 19.4 18.3 33.3 21.7
28.9 13.3 18.9 32.8 23.9
29.4 13.3 21.7 23.9 18.9
26.7 11.7 18.9 20.6 25.6
26.7 18.3 17.2 23.9 27.8
28.3 21.1 16.7 23.9 20.6
27.2 18.9 18.3 25.6 23.9
28.9 15 23.3 28.3 27.8
27.8 13.9 15.6 27.8 20.6
31.7 18.9 14.4 30.6 15.6
20.6 24.4 14.4 18.3 13.3
22.2 24.4 25.6 24.4 16.7
24.4 15.6 23.3 32.2 23.9
31.1 18.9 27.8 21.1 25.6
30.6 13.3 33.9 20 28.9
31.1 18.3 33.3 20 27.2
30 22.8 33.3 21.1 30.6
22.2 23.9 21.1 31.1 32.8
14.4 16.7 20 26.1 22.2
23.9 15.6 20.6 22.2 22.8
22.2 23.9 18.3 27.2 30
27.8 27.8 18.3 29.4 28.9
28.9 30 23.3 30.6 25.6
30.6 32.2 23.9 32.8 31.7
31.1 32.2 23.3 30 29.4
32.8 31.1 23.9 20.6 32.8
28.9 29.4 24.4 27.2 34.4
31.1 27.8 18.9 27.2 32.8
32.2 29.4 28.3 27.8 29.4
30 30.6 27.2 30 30.6
19.4 26.1 26.7 29.4 30.6
16.7 23.9 26.7 22.8 23.3
17.8 28.3 30 25 25
23.3 29.4 23.9 26.1 28.3
26.7 30 25.6 22.8 31.7
23.9 30.6 17.8 25 28.9
30.6 22.8 22.8 27.8 29.4
28.9 27.2 28.3 30 26.1
28.9 27.8 31.7 25 26.7
33.9 35.6 33.9 18.3 27.2
34.4 33.9 34.4 24.4 25.6
31.7 26.7 36.1 28.3 24.4
32.8 27.2 31.1 28.9 25
31.7 26.7 29.4 27.8 30
33.9 26.1 28.9 30 30
29.4 27.2 31.1 32.2 33.3
29.4 29.4 33.3 34.4 30
29.4 32.2 32.8 32.2 31.1
30.6 32.8 31.1 28.9 32.8
32.2 32.8 31.7 27.8 28.9
31.7 28.3 31.1 23.3 28.3
34.4 27.8 32.2 26.7 30
28.3 27.2 30.6 31.7 32.8
27.8 27.8 30 28.3 32.8
25.6 28.9 27.8 28.3 33.9
21.1 30.6 26.7 26.1 35.6
25 28.9 27.2 31.1 36.1
27.8 27.2 32.2 33.9 36.1
30.6 28.9 33.9 35.6 33.3
29.4 30 33.3 35.6 31.1
23.9 26.1 33.3 36.7 36.1
27.2 22.8 33.3 37.2 33.9
24.4 22.8 33.3 34.4 32.8
28.3 31.7 30 33.3 32.8
29.4 33.3 24.4 31.1 35
31.7 32.8 31.7 26.7 31.7
31.1 32.8 30.6 28.3 26.1
31.7 32.2 28.9 32.8 30.6
28.9 28.9 31.7 35 31.7
30.6 30 33.3 33.3 31.7
29.4 30.6 32.8 32.2 32.2
28.3 30 35 30.6 32.2
31.1 35.6 34.4 33.3 33.9
30 32.2 31.1 30.6 32.8
27.8 33.3 31.7 35.6 35
26.7 32.2 31.7 32.8 36.7
31.7 34.4 32.2 31.1 33.9
36.1 32.2 35.6 30.6 36.1
35 30 36.7 30 37.8
32.8 32.2 33.9 22.8 37.8
31.1 34.4 34.4 26.7 35.6
29.4 36.7 31.7 28.3 25
31.1 34.4 32.8 26.7 29.4
30.6 37.8 27.2 27.8 31.1
32.2 35.6 27.8 31.7 31.7
30 35 30.6 31.7 33.3
32.8 35 26.1 30.6 35
31.1 33.3 23.9 30 35.6
32.2 31.1 28.3 25 36.7
32.2 32.8 31.7 27.8 32.8
31.7 31.7 32.2 31.7 32.8
31.7 30.6 32.2 31.1 31.7
32.8 27.8 30.6 29.4 32.2
32.8 28.3 31.1 31.1 33.3
31.1 28.3 25.6 33.3 31.7
26.7 32.2 26.7 32.8 33.3
27.2 31.7 23.3 33.3 33.3
28.3 31.7 26.7 32.8 32.8
30 27.2 28.3 31.7 32.8
25 33.9 28.9 32.8 30
31.7 35.6 26.7 32.2 30.6
29.4 35.6 28.9 30 33.9
28.3 36.7 28.9 30 29.4
31.1 36.7 25.6 28.9 31.1
31.7 33.9 26.1 31.7 30.6
33.3 34.4 31.7 33.3 31.7
35 32.8 30.6 34.4 33.3
31.1 31.7 33.3 31.1 35.6
31.7 31.1 31.1 27.8 37.2
30 31.1 30 25.6 36.1
28.9 28.9 31.7 26.1 35
28.3 27.8 33.3 28.3 35
29.4 27.8 28.3 26.7 23.3
31.7 29.4 27.8 28.9 26.1
28.3 31.1 26.7 26.7 26.7
26.1 33.9 26.1 31.1 25
26.7 32.2 25 33.3 26.7
28.3 31.1 25 35 27.8
30 33.9 20 35.6 28.9
30 32.2 25.6 33.9 32.8
31.1 32.8 28.3 28.3 31.1
34.4 27.2 21.1 28.3 28.3
33.3 26.7 17.2 32.2 32.2
34.4 26.7 25 33.9 31.7
32.2 27.8 27.8 34.4 35.6
28.9 30 31.1 34.4 27.2
28.9 33.3 20 35 22.2
32.2 33.3 22.2 30.6 29.4
33.9 35.6 23.9 23.3 30
34.4 35 21.7 17.8 30
28.3 35.6 23.3 22.2 31.1
29.4 30 22.8 24.4 36.7
23.3 27.8 25 28.3 36.1
22.8 31.7 26.1 26.1 22.8
25.6 33.9 27.2 24.4 26.7
28.3 24.4 28.3 27.2 31.7
30 24.4 28.9 27.8 33.9
30 27.8 27.2 25.6 27.8
29.4 30.6 23.3 27.8 25.6
29.4 24.4 28.3 30 22.8
26.1 26.1 30.6 27.2 27.2
20.6 28.3 31.1 23.9 32.8
22.2 28.9 27.8 25.6 32.8
26.1 32.2 31.7 17.2 35
26.7 22.8 32.2 19.4 27.8
23.3 22.2 31.7 26.1 28.9
22.8 20 28.3 30.6 31.7
23.9 24.4 32.2 21.1 27.8
26.7 20.6 26.7 23.9 31.7
26.1 19.4 22.8 26.1 30.6
24.4 17.8 18.9 24.4 23.9
